Multiple size <= 100
TEST 1 ARG:22 62 85 40 82 39 6 48 29 26 75 86 87 14 89 72 64 99 77 3 1 42 51 8 65 33 69 59 5 43 46 55 34 4 16 91 35 44 97 73 36 56 57 21 18 41 17 49 15 25 27 19 58 54 92 20 88 70 76 47 60 66 78 74 53 63 38 45 7 12 13 93 81 98 31 68 94 23 9 10 37 30 24 28 11 84 2 79 83 61 95 0 52 96 32 71 80 67 50 90
TEST 1 ARG:22 62 85 40 82 39 6 48 29 26 75 86 87 14 89 72 64 99 77 3 1 42 51 8 65 33 69 59 5 43 46 55 34 4 16 91 35 44 97 73 36 56 57 21 18 41 17 49 15 25 27 19 58 54 92 20 88 70 76 47 60 66 78 74 53 63 38 45 7 12 13 93 81 98 31 68 94 23 9 10 37 30 24 28 11 84 2 79 83 61 95 0 52 96 32 71 80 67 50 90
TEST 2 ARG:44 55 14 17 69 27 15 67 11 78 68 85 7 20 77 91 65 46 26 70 79 87 13 81 30 21 37 36 50 58 56 82 6 75 98 53 9 52 93 80 41 60 47 89 32 48 39 84 24 83 28 8 10 33 1 66 73 2 88 61 71 22 18 3 51 74 99 72 12 43 63 4 5 90 19 38 64 95 59 0 34 54 29 94 62 25 57 42 16 35 23 40 76 45 31 92 97 86 96 49
TEST 2 ARG:44 55 14 17 69 27 15 67 11 78 68 85 7 20 77 91 65 46 26 70 79 87 13 81 30 21 37 36 50 58 56 82 6 75 98 53 9 52 93 80 41 60 47 89 32 48 39 84 24 83 28 8 10 33 1 66 73 2 88 61 71 22 18 3 51 74 99 72 12 43 63 4 5 90 19 38 64 95 59 0 34 54 29 94 62 25 57 42 16 35 23 40 76 45 31 92 97 86 96 49
TEST 3 ARG:7 84 2 14 23 34 93 89 25 50 78 42 59 24 92 31 40 55 80 20 65 75 1 53 51 6 8 69 9 4 58 49 32 41 28 36 46 82 86 61 85 33 13 98 43 21 44 94 67 70 97 15 22 27 91 3 56 18 47 57 16 29 45 79 74 71 83 5 72 66 73 39 60 96 37 63 81 62 11 77 64 68 12 95 0 17 99 54 90 52 87 76 88 30 19 35 26 38 10 48
TEST 3 ARG:7 84 2 14 23 34 93 89 25 50 78 42 59 24 92 31 40 55 80 20 65 75 1 53 51 6 8 69 9 4 58 49 32 41 28 36 46 82 86 61 85 33 13 98 43 21 44 94 67 70 97 15 22 27 91 3 56 18 47 57 16 29 45 79 74 71 83 5 72 66 73 39 60 96 37 63 81 62 11 77 64 68 12 95 0 17 99 54 90 52 87 76 88 30 19 35 26 38 10 48
TEST 4 ARG:56 72 48 37 71 80 69 24 90 79 84 11 87 85 41 50 5 13 38 70 2 3 31 91 58 16 29 43 25 40 12 17 68 96 57 34 63 53 27 1 23 26 66 65 6 20 49 60 10 47 7 18 36 35 92 86 0 77 46 55 51 19 4 74 32 81 88 59 54 78 94 45 89 21 99 97 76 39 82 15 52 95 33 30 22 93 28 9 44 62 98 64 73 14 61 75 67 83 8 42
TEST 4 ARG:56 72 48 37 71 80 69 24 90 79 84 11 87 85 41 50 5 13 38 70 2 3 31 91 58 16 29 43 25 40 12 17 68 96 57 34 63 53 27 1 23 26 66 65 6 20 49 60 10 47 7 18 36 35 92 86 0 77 46 55 51 19 4 74 32 81 88 59 54 78 94 45 89 21 99 97 76 39 82 15 52 95 33 30 22 93 28 9 44 62 98 64 73 14 61 75 67 83 8 42
TEST 5 ARG:19 60 52 23 94 25 53 77 44 37 92 76 54 4 11 45 20 10 89 0 48 96 90 12 3 41 24 50 42 78 34 15 87 65 80 57 71 56 66 88 27 2 46 28 31 13 26 79 73 68 83 8 18 40 51 84 33 49 82 36 6 99 81 97 58 67 1 59 85 62 47 7 39 75 32 64 9 38 70 21 91 22 93 5 61 30 98 17 95 74 63 86 55 69 29 16 35 72 14 43
TEST 5 ARG:19 60 52 23 94 25 53 77 44 37 92 76 54 4 11 45 20 10 89 0 48 96 90 12 3 41 24 50 42 78 34 15 87 65 80 57 71 56 66 88 27 2 46 28 31 13 26 79 73 68 83 8 18 40 51 84 33 49 82 36 6 99 81 97 58 67 1 59 85 62 47 7 39 75 32 64 9 38 70 21 91 22 93 5 61 30 98 17 95 74 63 86 55 69 29 16 35 72 14 43
TEST 6 ARG:20 12 50 49 94 19 84 52 73 42 53 97 83 90 8 23 70 33 35 30 7 48 47 98 86 22 91 62 93 5 24 15 74 43 88 3 57 64 32 89 79 96 99 4 16 2 27 56 6 63 80 21 28 75 0 68 38 26 9 72 77 66 1 18 95 25 59 44 65 46 82 85 31 71 61 87 11 40 58 39 67 51 78 13 76 92 55 37 45 36 69 60 41 29 54 34 81 10 17 14
TEST 6 ARG:20 12 50 49 94 19 84 52 73 42 53 97 83 90 8 23 70 33 35 30 7 48 47 98 86 22 91 62 93 5 24 15 74 43 88 3 57 64 32 89 79 96 99 4 16 2 27 56 6 63 80 21 28 75 0 68 38 26 9 72 77 66 1 18 95 25 59 44 65 46 82 85 31 71 61 87 11 40 58 39 67 51 78 13 76 92 55 37 45 36 69 60 41 29 54 34 81 10 17 14
TEST 7 ARG:63 60 33 21 7 27 80 6 81 62 11 46 56 83 54 59 3 9 90 13 99 96 74 41 97 79 22 37 44 78 38 64 20 50 73 92 14 17 57 82 91 5 0 71 18 88 49 58 42 85 16 76 12 39 86 61 52 95 48 4 53 30 19 35 65 36 31 32 45 93 15 8 47 34 77 98 43 69 75 68 51 2 23 1 72 24 84 25 66 94 29 26 55 67 40 87 10 89 70 28
TEST 7 ARG:63 60 33 21 7 27 80 6 81 62 11 46 56 83 54 59 3 9 90 13 99 96 74 41 97 79 22 37 44 78 38 64 20 50 73 92 14 17 57 82 91 5 0 71 18 88 49 58 42 85 16 76 12 39 86 61 52 95 48 4 53 30 19 35 65 36 31 32 45 93 15 8 47 34 77 98 43 69 75 68 51 2 23 1 72 24 84 25 66 94 29 26 55 67 40 87 10 89 70 28
